entrez	order	max_neg	min_neg	mean_neg	sd_neg	GO_P1	GO_P2	GO_P3	GO_P4	GO_P5	GO_P6	GO_P7	GO_P8	GO_P9	GO_P10	GO_P11	GO_P12	GO_P13	GO_P14	GO_P15	GO_P16	GO_P17
23408	16956	7.38825	6.53075	6.9548623853211	0.161693305674085	0.00351022358585374	0.00110952056427338	0.000256156080284239	0.000364011429398727	0.00196780927514552	0.0266446070393369	0.0889291722492082	0.00476883048931837	0.180183066563294	0.0295625641643642	0.0310183820756634	0.0526048960242408	0.049753683476861	0.143499701546843	1	1	1
84612	13601	6.703	5.743	6.20762385321101	0.185888795360481	2.09443853062107e-13	6.24682133836672e-06	6.4893253718596e-07	0.000197912407010933	1.50460326518827e-05	0.000177197469714084	4.24219487363758e-05	1.05373263349738e-08	2.77578316144296e-07	0.000219756307175627	6.52587661211182e-09	0.000720947026613854	1	0.000192696299564976	3.36832445412135e-07	3.2644989600281e-05	0.007745466856244
1973	9613	14.439	10.117	13.2141467889908	0.5363029966161	3.06562410510404e-07	2.80124709779187e-08	4.65002340395278e-07	0.000159572147689737	9.2296592610547e-08	6.76728809237519e-07	3.38715660927861e-09	5.78693355248086e-07	1.55214063917217e-07	8.32324555703752e-12	1.10093640938802e-06	4.02491911667407e-08	0.0334422065863331	0.000139081388499725	2.01130938325352e-05	2.62994870658075e-05	1
59284	17635	6.588	5.646	5.97894495412844	0.135882154475336	0.0727048032106394	1	1	1	0.0547153206543721	1	0.0762631869926795	0.0845153596418502	0.155678660718083	1	0.0264816050202654	1	1	1	0.00214225022283396	0.0101684683238111	0.00890283983656659
81553	15703	8.445	5.864	6.54328440366973	0.365115686682878	1	1	1	1	1	1	1	1	1	1	1	1	1	1	1	1	1
6405	311	9.313	6.21	7.68756880733945	0.60266737903984	0.0787756276239944	1	1	1	1	1	0.082617686171751	0.0915227597234213	0.168020391851354	1	0.0287525163615048	1	1	0.00891137770053985	0.0723378460542143	1	1
9968	5044	8.175	6.498	7.57314678899083	0.292864265921063	7.82826175641798e-06	8.26702488765257e-09	1.56275512509163e-10	8.86969005061223e-06	0.0040778041741852	0.0382701579614687	0.00795403741044254	3.69896770899755e-07	9.21938846078761e-06	0.000846280212835412	0.0445082131748419	1.30697312508112e-08	1	7.10234016163516e-05	0.000215451950035338	0.0171887156403369	1
57158	15706	8.193333	6.036667	6.64561774311927	0.483873234496151	0.00277762443635981	0.0430694655017851	0.0211091322186122	0.0250192603272451	0.0015545484677771	0.0237175503944372	0.00306237035758978	0.000102692094317602	0.000695018714413505	0.0263193068716169	0.000351603087772547	0.0468954826539922	0.0443464370240509	0.12862070411138	4.92572585283873e-05	0.0106085156843783	0.00928837360267643
11023	6464	6.342	5.739	5.98308256880734	0.121289226449011	0.0417557919170386	0.000250546885398706	5.73378682375362e-05	0.0136266239151887	1	1	0.0438353373591891	0.0486714202413067	0.00394075494630658	0.0143390442657142	1	0.0256733669560931	1	1	1	1	1
10241	10519	8.972	6.318	7.93279816513761	0.382717470974601	1.34508082282567e-09	1.67040061039234e-08	7.49711003167178e-10	0.000125312151376053	5.50908427424346e-08	4.65002340395278e-07	2.24221876560492e-07	3.46184033324284e-07	1.04458779271437e-11	1.99154423103857e-09	0.000153732771923411	4.02930724652095e-06	0.000407930435822217	0.00368575675155814	1.27658801379582e-07	0.00708333877686051	1
1950	17061	6.694	5.876	6.16228440366972	0.152852451957164	0.000999518327026273	0.00538792286034705	0.00126984698819873	0.0614389488743138	6.74942176128616e-09	0.0582999487033248	2.73723781530634e-11	3.30993439162052e-28	8.25511430524088e-18	0.0645676595286584	6.74598711151635e-09	0.113254394729306	1	7.01933177122431e-16	4.9590271378197e-10	1.94273673676727e-06	0.0002265531525582
387836	2092	7.29	5.681	6.08369724770642	0.205808590712033	0.000156788946343909	0.0109403288295301	0.00531692727418831	0.00631122360450542	8.68804323838002e-05	0.0059798835656939	0.000173206361921844	1.06618113600407e-06	4.08165949626451e-08	1.7511703339546e-05	1.93521744741066e-05	0.0119299382123474	1	0.0338172033337025	1.07577614641498e-09	0.00266141625398386	0.00232906237992259
254394	12620	7.273	5.925	6.20311009174312	0.18469305564807	4.25333902742158e-05	7.27886194345371e-06	0.000153732771923411	1.48058893072979e-11	0.00118832359606377	0.0207821819569312	0.0023455789371838	6.80382952144519e-05	0.000464099237699465	0.000242726890162112	0.0242056373793176	2.17871785905914e-12	0.0389093313477546	0.113485783497971	0.0611190811677702	1	1
8605	16960	10.989	6.229	8.33475229357798	0.981281004756342	8.21853979817335e-05	1.41407860069547e-05	0.0228492372988091	0.0270772094362083	3.3966045256475e-05	0.000302026510478755	9.53379605781428e-05	0.00442648675742892	3.63063128877618e-05	0.0284826204343001	0.0298860792557644	0.00122394096294678	0.00109182430775696	0.00961827015489165	0.00273611716926949	0.0114880969028237	1
10625	14968	9.383333	6.946667	7.90243421100917	0.369002737199626	7.18473837103487e-06	1.21763416828826e-06	4.8541799363387e-05	6.90953083355443e-05	0.000378726526819979	6.18450014715066e-05	0.000752027235176789	0.000930561842826475	0.00335051152230869	0.0132430129572135	8.47911053262667e-05	0.000252965211360753	1	0.00205760439844874	0.00057077799073197	1	1
60492	16084	9.7535	8.2285	8.92252752293578	0.300428188520478	0.0130348990681828	0.0073065121196052	0.00354757003453932	6.31308635337597e-06	3.4860405630069e-05	0.00399035167963468	0.0136942677823556	8.62907683377469e-05	0.000316533830966322	0.00443298574314799	0.00465424744206044	0.0079687492491517	0.00752729465791602	0.0226725697784349	5.26937398739755e-05	1	1
152189	9993	11.262	6.809	8.80207339449541	0.869025760458888	0.000373920057662316	0.000116168687847988	1	0.00945266666452393	0.0217693453446048	0.00895714523714242	0.0305528678478949	0.000511365042490082	3.12607582935805e-05	0.00994796784792418	0.010443048873003	0.0178429034120761	0.0168591067151257	1.48636698257615e-05	0.000313134710067223	1	1
900	10101	9.322	7.301	8.13093119266055	0.369970378368135	9.27058478459088e-10	1.25441586888248e-08	7.71056607185903e-05	4.48710643923883e-07	6.05667935073376e-06	9.82151811687711e-05	1.71406960232172e-05	2.6038905620818e-07	6.53760449709105e-10	5.27631101006913e-07	0.0173472896109257	3.27831349452085e-06	0.027944902049161	0.00323706780419128	0.000902835581620341	1	1
400966	7011	6.9795	5.979	6.27818348623853	0.234710545342856	0.000219041950717543	6.79207187287152e-05	0.00620050095637903	0.00735941851631527	0.0169721000270266	0.0069732414435435	0.0238437239451184	0.000299778702863127	0.00109198363324448	2.45000576601833e-05	1	0.0139047617868732	0.0131366466796382	1	0.0207947692531943	1	1
84937	16552	7.438	5.709	6.06678899082569	0.186989308141287	0.000803359332225933	0.000250546885398706	1.63420555566032e-07	8.16067420665546e-05	3.82007596386779e-06	7.30462874084949e-05	1.08272088570234e-05	0.00109703567066785	0.00394075494630658	0.0143390442657142	0.00010013724877232	0.000298583190675611	1	4.97712224978257e-05	7.12467008830414e-06	0.00575856688569854	1
10964	1714	9.911	5.942	7.38836697247706	0.919382277125068	0.0194895667873421	4.85704929475338e-05	1	1	8.68804323838002e-05	0.0059798835656939	0.0204720421002489	1	0.0431646888535417	0.00664247159930365	1	1	0.0112702903545242	0.0338172033337025	0.0178502830932473	1	1
347168	3454	9.076	6.2015	6.6875871559633	0.414930548874217	0.0194895667873421	1	1	1	0.0145648634064335	1	0.000173206361921844	0.00021465927130468	0.000783750067791829	1	0.0069736275705452	1	1	1	0.000131228119262936	0.00266141625398386	0.00232906237992259
23549	7964	8.645	5.968	7.53439449541284	0.493787797772159	2.46340193923825e-10	4.56660050886262e-09	1.25776196778266e-07	6.90953083355443e-05	2.94354117562705e-06	3.43316913536667e-10	8.34910779945143e-06	9.52487171276989e-08	8.05642741109275e-05	2.55660761615169e-07	1.01369278752133e-12	0.000252965211360753	0.0224172562124596	3.84452716030453e-05	3.50303551481704e-08	0.00531663270051619	0.00465347361347845
10391	1546	7.175	5.9035	6.22757798165138	0.206299720991265	0.000219041950717543	6.79207187287152e-05	0.00620050095637903	0.00735941851631527	1.07652517954536e-09	1.97362985996458e-05	1.3446891428702e-06	0.0265048805636316	1.31661541601887e-05	2.45000576601833e-05	0.00813138649909395	8.0996765193742e-05	0.0131366466796382	0.0393422326506372	8.83083506054237e-07	0.0031043825359055	1
4621	696	8.196	5.918	6.50607339449541	0.387929802413282	0.06352475597721	0.0360183157190468	0.0176202032115449	1	0.0477480372964278	0.0198018749088344	0.00212689246277535	0.00262640591077339	0.136824601216675	1	0.000242726890162112	0.0392308714574249	1	0.0057496021349528	0.0582936481752974	0.00884729855147925	1
10393	12757	9.607	6.073	7.91553211009174	0.423444354838484	0.000291440606017726	9.04571262650309e-05	0.00708333877686074	0.00840656587338517	0.0193735895389253	0.00796566172303992	0.0272039865132934	0.0302343327451379	0.0571379224613527	1	0.00928785981448532	0.0158757477718642	1	0.0448359725893962	1	1	1
56666	11495	7.687	5.891	6.34496330275229	0.394534369873162	0.000681199189767251	0.0217645553319472	1	1	0.000378726526819979	0.0119259835062606	0.000752027235176789	0.000930561842826475	1.30169421017799e-06	0.0132430129572135	0.0139009240498078	1	0.0224172562124596	0.0665015333934079	5.49216631903431e-06	0.00531663270051619	0.00465347361347845
53405	13462	10.174	6.084	7.42411009174312	0.818556988439498	0.0448958312548275	0.0253470370309654	0.0123649446080522	0.0146675066780663	0.000520564288442962	0.0139005404317352	0.0471278788245443	0.0523171670895904	0.000131873645237155	0.0154339189735552	0.000116744693779583	0.0276214790799237	1	0.00281592878928704	9.04852782860418e-06	0.00620032925531322	1
84321	10091	8.535	6.108333	7.32407039449541	0.404257065673495	0.0354452376613492	0.0199685294237435	1	0.011541732499846	1	1	1	1	0.0777189301085465	6.39960751819199e-05	1	0.0217657525708289	1	1	1	1	1
131177	11039	12.499	6.143	9.76888073394495	1.67354197307504	1	1	1	1	1	1	1	1	1	1	0.00581458167119986	1	1	1.79923589170913e-06	0.0148971072642499	0.00221827775523531	0.00194120852213386
63906	11280	8.353	6.042	7.48810091743119	0.413027372085366	1.15643540982415e-06	3.24978159374717e-10	2.00640884336362e-08	2.20541336479603e-05	0.000121443682877035	1.97362985996458e-05	0.000241951031033433	0.000299778702863127	1.31661541601887e-05	4.081753795271e-08	0.00813138649909395	8.0996765193742e-05	0.0131366466796382	0.000667027432093996	8.83083506054237e-07	1	1
3920	17215	10.7468	7.452	9.56783302752294	0.51966668413781	0.00521427155990853	0.0587521738068919	0.0289167951649255	0.0342476714141785	1.54927081005583e-08	0.0324738735156236	0.000196659094974894	0.00706836028954955	0.00178559132150005	0.0360183157190471	5.45777078448485e-08	3.83510059085327e-05	0.0604792340384388	1.15683494637448e-06	0.00013027071780073	3.11496119768083e-07	0.0127523968479972
340543	6186	6.586	5.601	6.03939449541284	0.17127912125191	3.15569630791558e-05	9.74759854053942e-06	2.21675852476879e-06	3.15853004097608e-06	0.00730853640863083	0.00299417600203511	0.0102880985962868	4.32525904940896e-05	0.000159031512265003	3.50934787633658e-06	0.00349262352277024	1.16293647191198e-05	1	0.0170526096783448	0.00896458589007154	1	1
55571	2406	11.909	9.59	10.7645596330275	0.441507129072778	3.93727007518924e-06	6.6582574444023e-07	6.86795236028909e-08	4.71697462959003e-05	0.000259026101807465	4.22170083910384e-05	0.000515025672267406	4.06427366405342e-08	0.00230647091697755	5.23953126708255e-05	5.78934638738775e-05	8.70571394962263e-07	1	0.0014134190394279	0.029576340245279	1	1
5104	10816	11.874	5.919	8.04284403669725	1.4772736222785	0.108548542289838	0.00186367023678903	0.0306438845871818	0.036287161148235	0.00329467575841557	0.0344096243066094	0.00644340905927317	0.125774597529364	0.000120829422467321	0.0381611513343466	4.08481601288551e-10	4.58796041016021e-05	1	4.60128572814249e-05	0.000155611429790017	3.73514045714081e-07	0.0135207683140486
116138	5802	11.193	9.293	10.035	0.343982934546555	7.18639787405125e-09	8.37051572483321e-13	2.06362130061709e-05	2.9387016824242e-05	7.54400305535711e-07	4.67332011604555e-08	2.14622045781294e-06	0.00039871529308756	2.09528551918338e-05	3.2644989600281e-05	3.60732913523175e-05	4.07384966306849e-07	0.0149995834412222	0.000886053079325765	0.000244018199821883	1	1
830	4051	13.543	10.056	11.504247706422	0.422668378807505	0.00122815415382516	0.000384133386799593	0.0141196188748549	1	7.44166131411636e-06	0.015871370227732	0.00135525239055579	0.0595674027472892	0.111034425918187	1	7.56678154831386e-07	0.031506349017288	1	9.62451726232874e-05	1.38618270702902e-05	3.20851665197804e-08	0.00620050095637859
64850	10401	9.9595	5.78	6.28628440366972	0.570701567788914	1	1	1	1	1	1	1	1	1	1	1	1	1	1	1	1	1
81552	9338	7.986	5.8205	7.06271559633028	0.379716380311311	1	1	1	1	1	1	1	1	1	1	1	1	1	1	0.00896458589007154	1	1
79027	14507	7.6465	6.4	6.80572018348624	0.217842104635027	3.93727007518924e-06	3.75697948465879e-12	3.53485030001239e-17	1.18736199712578e-07	0.000259026101807465	4.22170083910384e-05	0.000515025672267406	6.32711051106075e-06	4.44188440692094e-05	1.39648921573209e-07	0.0115969550295725	0.000172910669864253	0.0187152225667376	0.055730285240811	0.000390666267693131	1	1
10116	16896	7.525	6.101	6.70796330275229	0.255499036984686	9.27058478459088e-10	1.15399344934156e-13	2.59705880909257e-07	4.48710643923883e-07	6.05667935073376e-06	9.44957331469054e-10	1.71406960232172e-05	2.36629189504692e-05	6.53760449709105e-10	5.27631101006913e-07	0.000134610760202339	3.27831349452085e-06	0.027944902049161	7.85251924094362e-05	0.000902835581620341	1	1
80224	138	14.497	8.003	12.5983944954128	1.24528784429729	0.029093833944113	1	0.00796544130765275	8.31707407692612e-08	0.000207543093489516	1	0.00041293583647995	0.000511365042490082	0.00185406050239588	1	0.010443048873003	0.0178429034120761	0.0168591067151257	1	0.0266577728475202	0.00398979867873261	0.00349184890582477
128853	756	6.316333	5.801	6.04776148623853	0.0862416704043991	5.40113466956855e-06	0.000177073300284437	4.04724621689521e-05	0.011541732499846	2.21142848441903e-06	5.15680239821814e-05	6.27723470819011e-06	8.67589587330213e-06	0.00280552031427573	0.0121458238906172	2.23787012877377e-07	0.0217657525708289	1	2.89542689683877e-05	0.000476563686663147	0.00487452664249088	0.0042663944087723
84203	2560	6.810667	5.902	6.12866055963303	0.126965193293749	0.0322746581873969	0.0181693061397928	1	1	0.0241593808160265	0.00994769281811458	0.033890405867409	1	0.0709086201272494	0.0110474759073961	1	0.019806235938988	0.000154064050614785	1	0.029576340245279	1	1
2047	11955	9.559	5.927	6.68143119266055	0.563584023230104	0.000519458079781707	0.00348102430985521	0.000814300165859312	0.0494447190735843	1.08788300752802e-07	0.00103470999482349	1.42030607396612e-08	2.26951026748989e-19	7.99449791069007e-16	0.0519796739868831	2.13391665281514e-09	0.00413243807838996	1	7.79785374442126e-06	3.10553786628457e-07	9.8438784482683e-07	0.000144700886083217
80737	15176	6.936	5.804	6.20911926605505	0.177917621635254	1	1	1	1	1	1	1	1	1	1	0.00465424744206044	1	1	0.0226725697784349	0.0119352166068041	0.00177496698227297	0.00155322542998393
119692	2879	6.399	5.602	6.00562385321101	0.143364324103858	0.0194895667873421	1	1	1	0.0145648634064335	1	0.000173206361921844	0.00021465927130468	0.000783750067791829	1	0.0069736275705452	1	1	1	0.000131228119262936	0.00266141625398386	0.00232906237992259
78999	306	9.064	5.743	6.95350458715596	0.622910828643817	0.000373920057662316	0.0163668799661508	0.00796544130765275	0.00945266666452393	0.000207543093489516	0.00895714523714242	0.00041293583647995	0.000511365042490082	3.12607582935805e-05	0.00994796784792418	4.63473463474682e-05	0.0178429034120761	1	0.0502985986206728	8.97646492336069e-09	0.00398979867873261	0.00349184890582477
2026	2855	9.368	6.118	7.71985321100917	0.680004845103764	1.47557743429135e-05	0.000336502211386774	7.71056607185903e-05	0.0157073487894374	4.13916372626637e-08	9.82151811687711e-05	1.68600388895939e-07	2.6038905620818e-07	0.00016395986666918	0.0165276382370818	3.83505453269746e-12	0.000400929505178571	1	1.30970805356348e-06	1.12866705198694e-05	2.60746274767084e-08	0.0058139374704208
285242	5461	6.535	5.605	6.00952293577982	0.143064320961035	0.0417557919170386	1	1	1	0.0312952984880991	1	0.0438353373591891	1.37184569051689e-07	0.00394075494630658	1	0.0150509896165614	1	1	0.0718414390948675	0.0382806031375682	0.00575856688569854	0.00504042383477743
6626	4507	9.589	6.034	8.68763302752293	0.502371499334434	5.40113466956855e-06	0.000177073300284437	0.0097274427861811	5.7615655800818e-05	0.0265437092947077	0.0109373052975277	0.0372166383660885	0.000777390887620734	0.00280552031427573	6.39960751819199e-05	7.07089476207666e-05	0.000211069620576121	1	0.0611312059771608	0.000476563686663147	1	1
10324	14278	7.443	5.9415	6.36576605504587	0.32409546182276	1.01820760126399e-08	8.05416435888484e-08	1.00648619753329e-06	0.000263039310947497	2.64724250020996e-07	1.46415327334496e-06	1.07142516061209e-06	1.65061528126156e-06	2.18739771584549e-05	2.04210392158899e-06	2.38047123076804e-06	0.000956386999964491	0.000852962575245773	0.00757122626452387	4.31916265747625e-05	0.0101684683238111	0.00890283983656659
219348	3405	12.656	6.609	8.90767889908257	1.25541088803283	0.00653846532738689	0.0036597507319599	0.00177526247349202	0.00210794860292551	0.00487817671588553	0.00199705938730177	0.00687035670662239	0.00764455429494015	0.0145987479061798	0.00221883165769488	1.29377939224196e-06	0.003992122657827	1	3.23629673687952e-05	8.81618242999161e-06	0.000887828384081746	0.000776871399061463
83939	17530	10.53	8.185	9.15946788990826	0.388084793350326	2.19500230101029e-05	0.000434852483394417	0.014995859631327	0.017783914987479	0.000774371664456444	0.000127061519010356	2.54913632958849e-05	0.00189394494443492	0.00674072008212452	7.87431835973726e-07	0.000174108056849089	0.0334431211223535	0.031613133008326	0.00416167310732981	1.67965254521591e-05	1	1
2068	9200	8.743	6.144	7.34316513761468	0.413598156959176	2.61809410018597e-06	2.79408767902563e-15	1.63480519647686e-11	6.82032515289517e-09	0.000583614633274998	5.13717923243108e-07	3.35503859217022e-06	6.40777522936574e-09	6.11976679959113e-14	5.35442510839254e-05	0.00273290464184081	9.40348359014574e-06	0.119073538891988	4.03588364221534e-05	4.80099104423775e-05	1	1
7919	10013	8.507	7.279333	7.89641588073394	0.208665183280391	9.53294993127659e-08	4.68939315300711e-07	0.000432429520887464	6.36908357855569e-06	1.53230518922201e-06	0.000550004096944839	6.14260254799902e-06	2.11046193117399e-07	5.32170118519256e-06	5.6526336844856e-08	0.000752150663941111	7.41160749448623e-09	0.0640282357910983	0.181958216623618	0.000155611429790017	1	1
51678	10017	8.834	5.906	6.71692660550459	0.528750828848348	6.62363946541342e-07	0.0109403288295301	0.00531692727418831	0.00631122360450542	2.70350596913149e-07	0.0059798835656939	7.70285156309462e-07	0.00021465927130468	7.56410132649489e-06	0.00664247159930365	2.72275612207229e-08	5.79276796594269e-05	1	0.000478232460460045	5.05692533929636e-07	1.14828738625176e-09	0.00232906237992259
81566	12065	8.098	6.164	7.23575229357798	0.333206091157568	0.000466415754559097	4.87316086638281e-15	6.94172106512705e-14	4.71697462959003e-05	0.0241593808160265	4.22170083910384e-05	0.033890405867409	0.000637624525484837	5.58558150446695e-07	5.23953126708255e-05	0.0115969550295725	0.000172910669864253	1	2.11455382029658e-05	0.029576340245279	1	1
285555	8356	6.502	5.898	6.12217431192661	0.101990839642832	1	1	1	1	1	1	1	1	1	1	1	1	1	1	1	1	1
7205	12809	10.616	7.491	9.46933944954128	0.62488498527186	6.19586497022994e-10	2.00960370572933e-06	4.12781002977572e-10	3.59207787343621e-07	3.0407868571362e-08	8.51702304121342e-05	1.3746276896353e-05	1.9150436569547e-07	0.000131873645237155	4.22403824896204e-07	4.92578728740972e-07	0.000347909346287365	1	1.06367976535877e-08	0.000783962393473612	0.00620032925531322	0.00542724510848747
387032	5223	8.13	6.052	7.0232752293578	0.301982611455485	7.18639787405125e-09	8.37051572483321e-13	1.54417609974752e-14	5.5484119115338e-08	0.000161673443734201	2.62994870658076e-05	0.000321885967891972	1.36261064444765e-08	0.00144899389259537	0.00884729855147925	7.61229559345585e-08	0.00010785989193622	1	0.000886053079325765	0.000244018199821883	1	1
29915	2500	8.229	5.991	7.24256880733945	0.399910345669582	1.4405828016624e-10	3.04832603175095e-09	9.43832326471906e-08	5.7615655800818e-05	2.21142848441903e-06	5.15680239821814e-05	6.27723470819011e-06	6.36828784170633e-08	8.72143642178072e-09	6.39960751819199e-05	7.07089476207666e-05	0.000211069620576121	0.0205679370510071	0.0611312059771608	0.000476563686663147	0.00487452664249088	0.0042663944087723
8424	14743	6.574	5.636	6.0434128440367	0.17443757298971	5.40113466956855e-06	0.000177073300284437	4.04724621689521e-05	5.7615655800818e-05	2.21142848441903e-06	5.15680239821814e-05	0.000628080880613899	8.67589587330213e-06	0.0777189301085465	0.0121458238906172	4.47519039495121e-10	0.0217657525708289	1.00252020362019e-06	2.89542689683877e-05	4.12788232806278e-06	0.00487452664249088	1
4869	11540	6.54	5.778	6.09609174311927	0.129670489895393	3.5240820171183e-11	2.37429998431767e-13	6.35500083276626e-14	5.7393729665241e-07	1.96700638862512e-10	3.51767051522863e-05	7.35294468166227e-05	1.29188883967126e-10	2.38186688249599e-08	6.48214555315311e-11	0.00257459037979434	1.80630640409619e-07	0.115727286037041	3.33765908020555e-09	4.25960655829289e-05	0.0285037193687567	1
6633	11395	10.227	9.0385	9.58211926605505	0.218123169620704	1.24583511383947e-06	1.14763358829939e-07	1.30571020347964e-06	2.25314409889818e-06	0.00168710936222154	0.000278958740019115	0.0033213117331057	0.000116375864286722	0.00078558095311688	2.64833058120972e-06	3.08688994002937e-06	1.63456028287291e-05	1	0.000380783514656669	0.0025304933325414	0.0110483918583548	1
130271	4874	7.399	5.846	6.62332110091743	0.325005666068385	9.12126701815195e-16	3.04832603175095e-09	4.04724621689521e-05	5.7615655800818e-05	1.00781731783883e-08	1.37438230894863e-07	1.86047113851986e-10	6.36828784170633e-08	8.72750558460933e-07	6.39960751819199e-05	4.47519039495121e-10	0.000211069620576121	0.0205679370510071	0.00172107787730779	2.48432014064657e-13	0.00487452664249088	0.0042663944087723
7226	3401	7.3105	6.078	6.65922018348624	0.283497635622715	0.111473284324254	1	1	1	0.0843355571627543	1	0.116806208001857	0.00837180895312094	0.0285275302634422	1	0.0411526232424863	1	1	0.186643658634838	0.00520325491401026	0.0158757477718644	0.0139047617868734
84302	6019	8.661	5.978	7.34974311926605	0.684927725352717	1	1	1	1	1	1	1	0.00382950382950364	0.00732600732600719	1	1	1	1	1	0.0029970029970029	1	1
222235	7317	9.087	5.897	6.73708256880734	0.833235440121711	0.029093833944113	0.0163668799661508	0.00796544130765275	1	0.0217693453446048	0.00895714523714242	0.0305528678478949	0.0339497037079688	1	1	0.010443048873003	1	1	0.0502985986206728	1	1	1
10599	1650	6.5	5.82	6.04264220183486	0.107885636717414	0.0386056047951299	1	1	1	0.000378726526819979	1	0.000752027235176789	1.1536111592027e-05	8.05642741109275e-05	1	0.0139009240498078	0.0237214605125992	1	1	0.0353877306202683	1.13600042136524e-05	0.00465347361347845
11166	1810	11.797	5.903	8.23593577981651	1.64489524193752	0.0542553833392089	2.84618156211055e-13	2.07627374558549e-15	0.017783914987479	1	1	1	3.51706269346378e-05	0.000242424438430535	0.0187116150511055	1	0.0334431211223535	1	0.0929002436105903	1	1	1
92154	4059	7.868	5.564	6.10254128440367	0.248230796583359	0.000681199189767251	1	1	1	1	1	0.0405316030143533	1	1	1	1	1	1	1	0.00057077799073197	1	1
59271	7994	10.1	6.018	7.75801834862385	0.623501462495706	1	1	1	1	1	1	1	0.0190035220314855	0.000525021412303385	1	0.00581458167119986	1	1	0.0282607081881623	8.76539770199335e-05	0.00221827775523531	0.00194120852213386
55190	10385	8.078	6.1845	6.68095871559633	0.434450531687464	5.6373338792672e-05	9.66820125443708e-06	1.00648619753329e-06	0.000263039310947497	0.00142721373047632	0.000235533829222702	0.00281338798808267	0.00347145244887954	0.0121856252243583	0.000292039000617041	0.0264816050202654	0.0449849217862125	0.0425373940341744	0.123604380196976	0.066745009043895	1	1
55048	7501	12.109	9.722	10.9065963302752	0.397406409183952	0.0542553833392089	0.0306969165825213	9.97667713089042e-05	0.017783914987479	0.0407305766251639	0.016855389522028	0.0569387183459922	0.00189394494443492	0.00674072008212452	0.0187116150511055	0.000174108056849089	0.0334431211223535	0.031613133008326	0.00416167310732981	0.00116490320651277	0.00752458604326345	1
56896	476	6.867	5.945	6.23901834862385	0.172064855432553	2.7625252616606e-06	0.000116168687847988	2.65185305218743e-05	0.00945266666452393	0.000207543093489516	3.37936102202529e-05	3.21142783405111e-06	4.4411701787347e-06	0.0640484052062225	0.00994796784792418	4.63473463474682e-05	0.0178429034120761	1	1.48636698257615e-05	0.0266577728475202	1	1
26108	11653	7.384	5.829	6.14349541284404	0.194642294129381	0.000681199189767251	1.21763416828826e-06	1.25776196778266e-07	2.17393127186389e-07	0.0289223440917886	0.0119259835062606	0.0405316030143533	0.0450118521974116	1.30169421017799e-06	0.0132430129572135	0.0139009240498078	0.000252965211360753	1	0.00205760439844874	0.0353877306202683	1	1
390181	6533	6.432	5.698	5.98361467889908	0.136464410518239	0.025902732401174	1	1	1	0.0193735895389253	1	0.000321885967891972	0.00039871529308756	0.00144899389259537	1	0.00928785981448532	1	1	1	0.000244018199821883	0.0035471766583699	0.00310438253590539
3397	6319	10.537	6.205	8.61804587155963	0.858636026835597	8.85621418251226e-07	5.83486176554041e-12	1.38618270702902e-05	2.3833661698746e-05	0.000308939121571183	0.0013080019705978	0.000849262310974852	2.75295910186196e-11	1.85728675665839e-10	3.36832445412136e-07	0.00178498832583161	0.000169398629350181	0.0971012086088704	0.0382001864093517	0.00056648244330152	1	1
374454	10808	6.994	5.671	6.07595412844037	0.16977372660894	0.029093833944113	0.0163668799661508	0.00796544130765275	1	0.0217693453446048	0.00895714523714242	0.0305528678478949	0.0339497037079688	1	1	4.63473463474682e-05	1	1	0.00113496433918291	0.0266577728475202	0.00398979867873261	1
4124	7402	8.4485	6.4605	7.7624128440367	0.291713955246154	1	1	0.0202379906710008	0.0239887399637724	0.00142721373047632	1	0.00281338798808267	0.0845153596418502	2.18739771584549e-05	1	0.0264816050202654	0.0449849217862125	0.0425373940341744	0.123604380196976	0.00214225022283396	4.34404258558437e-05	1
81669	3578	6.821	5.9415	6.21075229357798	0.139781950297419	1.84598481699421e-06	3.11496119768083e-07	2.89582900626374e-11	5.5484119115338e-08	0.0193735895389253	0.00796566172303992	0.0272039865132934	2.96893218983143e-06	1.88319107447029e-07	3.2644989600281e-05	0.00928785981448532	4.07384966306849e-07	0.0149995834412222	0.0448359725893962	0.0237305908322475	1	1
25942	11295	9.483	7.018	8.5617247706422	0.420516522588141	1.52681348374875e-05	1.9504171842651e-08	6.6153549870992e-08	1.46641152348592e-05	0.00563442181826525	0.044991038538357	0.0109400047017265	0.0134199796657203	1.01576551014703e-06	1.72210537658335e-05	0.0522944834713028	2.062666182056e-06	1	0.028451476322554	0.129112178226194	1	1
127943	6671	8.826	6.018	6.64774311926605	0.47379735478503	0.00979191950954095	0.00548475229867018	1	1	0.00730853640863083	0.00299417600203511	0.0102880985962868	1	0.0218186061031374	0.00332649281260455	1	1	0.0056506430822737	1	0.00896458589007154	1	1
